version https://git-lfs.github.com/spec/v1
oid sha256:06cf3ad26f213b854f481ebd2d35a908738fb5c416751b917698c6df18ed1637
size 4862
