version https://git-lfs.github.com/spec/v1
oid sha256:7d1b24cae3f0f0d1e727f389731420db2423c64c81f051fc5e89113c49abe4fa
size 11355
