version https://git-lfs.github.com/spec/v1
oid sha256:33f0700547118ce6368c49564aedeaf8a7fc87f42d591c7a9fda3d9bdb3efdb7
size 820
