version https://git-lfs.github.com/spec/v1
oid sha256:e320d20ed775f5b235be9422bc4fdf6a3a3d71fb2e50ec4f4a4b09b8081a938f
size 5931
