version https://git-lfs.github.com/spec/v1
oid sha256:e8f29f58f12915f37c9f7d65b91bfb96c0827e216c30a2aceae71442b15c71ff
size 8453
