version https://git-lfs.github.com/spec/v1
oid sha256:cf96c37e8741221910f4ecdcf56de370aa619929b48588bb409f1d843e78eeb9
size 2316
